15 15
5338.926949654491
20 15
2911.779792746114
25 15
2288.261706555671
30 15
1841.8077969174976
35 15
2041.2576204523107
40 15
1158.9533404029692
45 15
1168.755126658625
50 15
685.4041331802525
15 20
2522.244055944056
20 20
2500.4313725490197
25 20
1722.4601307189544
30 20
1514.6842431761786
35 20
1710.264502762431
40 20
1068.5109386026818
45 20
988.1774193548387
50 20
962.8073322932918
15 25
1468.751840168244
20 25
1840.383038869258
25 25
1479.878947368421
30 25
1548.4078516902944
35 25
1184.6899777282852
40 25
1133.156378600823
45 25
929.6975806451613
50 25
527.4600778967867
15 30
771.6600137646249
20 30
905.9883905013193
25 30
1557.78840742825
30 30
786.4323374340948
35 30
1242.3931965982993
40 30
738.4786365818532
45 30
883.4805475504322
50 30
674.8742466854159
15 35
550.7779220779221
20 35
888.7065684469
25 35
760.4394520547945
30 35
927.331455399061
35 35
640.0295913574448
40 35
664.430602006689
45 35
726.9804022692109
50 35
491.07572115384613
15 40
454.8425357873211
20 40
472.4437354988399
25 40
833.1619679380873
30 40
615.7034938621341
35 40
521.5988500663424
40 40
615.0786948176584
45 40
708.6335908906059
50 40
594.8301219032638
15 45
279.11560693641616
20 45
456.3937823834197
25 45
703.7103128621089
30 45
668.4206390780513
35 45
657.1175496688742
40 45
566.8354577056779
45 45
418.43835616438355
50 45
471.1090757701915
15 50
163.05570060922543
20 50
383.1253246753247
25 50
306.51422197434465
30 50
493.2452738730005
35 50
467.5361127422196
40 50
425.3016208597604
45 50
440.70684292379474
50 50
366.241935483871
