15 15
4201.801234567901
20 15
3476.292146596859
25 15
2082.9051792828686
30 15
1361.4566437928884
35 15
1150.2289097187963
40 15
763.8317307692307
45 15
624.0559062218215
50 15
828.453732503888
15 20
4035.484496124031
20 20
3327.2978723404253
25 20
2602.2190916736754
30 20
1377.3113092825295
35 20
1189.2288164665524
40 20
791.8662251655629
45 20
569.5938009787928
50 20
853.1266804550155
15 25
4008.448426921545
20 25
3115.6068738229756
25 25
2221.271434546215
30 25
1630.5658499234303
35 25
1331.6807380486441
40 25
951.7555637982196
45 25
590.278759466282
50 25
629.4637020144431
15 30
2882.619851451722
20 30
2565.4605263157896
25 30
2587.5843543826577
30 30
1376.4467855213397
35 30
1433.1964980544747
40 30
867.1310559006212
45 30
767.1800407331975
50 30
695.1433403805497
15 35
2327.9993016759777
20 35
2111.2163424124515
25 35
1417.6339794754847
30 35
1617.1864456939923
35 35
1004.5193573874111
40 35
732.6874623267029
45 35
639.7910447761194
50 35
633.177737336973
15 40
1948.1161495624503
20 40
1848.698600174978
25 40
1658.0978446801232
30 40
1194.1279342723005
35 40
961.1992853216053
40 40
832.8569096844396
45 40
736.7391166190022
50 40
663.9894074809665
15 45
1622.5029308323565
20 45
1606.2756797583081
25 45
1524.672477744807
30 45
1284.3121968121968
35 45
1095.5124579124579
40 45
829.4041077620699
45 45
547.2194970506054
50 45
681.3532668881506
15 50
1219.5540254237287
20 50
1299.7209797657083
25 50
1083.8784110535405
30 50
1114.7562874251496
35 50
1453.179487179487
40 50
738.8307763830776
45 50
676.3582489577129
50 50
677.6132495417648
