15 15
5491.429769392033
20 15
2888.4404494382024
25 15
2324.3350938967137
30 15
1858.3004246284502
35 15
2066.0606741573033
40 15
1184.8952745849297
45 15
1255.1886477462438
50 15
771.5048309178744
15 20
2414.586923076923
20 20
2639.2015027322404
25 20
1763.9908450704224
30 20
1551.3594080338266
35 20
1707.978137651822
40 20
1096.136048526863
45 20
1037.005382131324
50 20
1027.621183206107
15 25
1451.9930182599355
20 25
1817.1161103047896
25 25
1472.3668272539574
30 25
1579.040507859734
35 25
1201.0660559305688
40 25
1160.686507936508
45 25
963.7394014962593
50 25
593.9640718562874
15 30
783.9036144578313
20 30
916.804708400214
25 30
1571.9268707482993
30 30
804.5624709707386
35 30
1223.0946714950853
40 30
733.1990185387132
45 30
919.8741328047572
50 30
655.246001103144
15 35
554.0006756756757
20 35
902.3868338557994
25 35
769.8663282571912
30 35
935.0688317983519
35 35
656.8857574232511
40 35
676.365640790078
45 35
753.9451450189155
50 35
515.9117792015771
15 40
456.6707056307912
20 40
474.60411764705884
25 40
840.3611738148984
30 40
623.493124703651
35 40
528.3860953213817
40 40
616.7534533277523
45 40
757.5790209790209
50 40
540.0745370370371
15 45
280.53280542986425
20 45
455.91883454734653
25 45
706.9710815500289
30 45
685.2302872062663
35 45
660.2202086765514
40 45
546.9638398622471
45 45
439.7486800422387
50 45
501.12112676056336
15 50
161.22119815668202
20 50
384.53431045969353
25 50
313.4039735099338
30 50
491.3828679602461
35 50
489.1546391752577
40 50
421.4633671083398
45 50
445.54554263565893
50 50
363.1226309921962
