15 15
4696.923450789794
20 15
2353.253623188406
25 15
2021.9649484536083
30 15
1199.5978898007033
35 15
1071.7630285152409
40 15
670.2410714285714
45 15
581.8897168405365
50 15
614.5781600598355
15 20
3232.477304964539
20 20
2547.8506919155134
25 20
1652.4965123652505
30 20
1228.1793548387097
35 20
1076.7005494505495
40 20
697.0737226277372
45 20
619.2679874869656
50 20
745.9824715162139
15 25
2918.5467952353943
20 25
2519.39844256976
25 25
1795.075197089145
30 25
1396.4484441732764
35 25
990.3540397888754
40 25
842.5314136125654
45 25
580.2
50 25
436.45836575875484
15 30
2255.4955423476968
20 30
1790.3032822757111
25 30
1987.5459305092813
30 30
1064.2205400981998
35 30
1145.70103626943
40 30
699.1415646620543
45 30
636.2692595362753
50 30
633.2092851879145
15 35
1766.6661303298472
20 35
1579.6180180180181
25 35
1350.1822102425876
30 35
1281.5734050730207
35 35
850.1665899677864
40 35
640.3865951742628
45 35
622.0691547749725
50 35
462.6492785793563
15 40
1530.4044665012407
20 40
1308.815107913669
25 40
1256.6147757255937
30 40
955.9854389721628
35 40
730.7623246492986
40 40
677.8227074235808
45 40
616.0135396518375
50 40
555.4607415485278
15 45
1128.6743159752868
20 45
1299.4400494437577
25 45
1218.6414385399892
30 45
1038.0605908863295
35 45
985.9235668789809
40 45
667.6700241740532
45 45
427.5233333333333
50 45
605.9804502369668
15 50
873.6182572614108
20 50
961.8081264108353
25 50
745.2449698189134
30 50
819.8159036144579
35 50
1016.7394801980198
40 50
563.8293706293706
45 50
497.8194501436192
50 50
576.5963665086888
