15 15
4586.358038768529
20 15
2316.4214022140222
25 15
2014.7256524506683
30 15
1178.7335456475585
35 15
1044.5433070866143
40 15
651.6560574948666
45 15
569.2179627601314
50 15
626.2864130434782
15 20
3206.4993234100134
20 20
2560.77304964539
25 20
1649.188228080932
30 20
1214.5945619335348
35 20
1069.0854348944931
40 20
684.0844036697248
45 20
607.6599664991625
50 20
738.4375634517767
15 25
2935.0797962648558
20 25
2566.8197236180904
25 25
1787.0893388921977
30 25
1388.1037514654163
35 25
992.6951417004049
40 25
835.6080231996133
45 25
579.1710465652375
50 25
435.42601431980904
15 30
2243.63790560472
20 30
1808.2326583369238
25 30
1979.5021037868162
30 30
1067.316384180791
35 30
1146.2252298263534
40 30
691.6339932399807
45 30
628.4253826530612
50 30
659.0812365204888
15 35
1774.7924980047885
20 35
1579.027027027027
25 35
1349.7553693033
30 35
1283.5779394867866
35 35
850.7777268560953
40 35
632.7503663898387
45 35
626.2812920592194
50 35
456.23214285714283
15 40
1534.3680727874275
20 40
1308.245652173913
25 40
1254.9646810753823
30 40
958.1652613827994
35 40
734.9206730769231
40 40
675.0389667250438
45 40
619.9767135325131
50 40
522.6222910216718
15 45
1113.0254022015242
20 45
1296.8264669163545
25 45
1216.5390835579515
30 45
1037.4908443540182
35 45
992.9741900054914
40 45
671.4163947797716
45 45
423.6593977154725
50 45
595.3720472440945
15 50
888.5684104627767
20 50
968.9383561643835
25 50
748.093
30 50
818.4135593220338
35 50
1011.4736196319019
40 50
554.365658672228
45 50
496.7691082802548
50 50
591.3267790262172
