15 15
4100.280182232346
20 15
3482.0744368266405
25 15
2127.459922178988
30 15
1395.2208898706217
35 15
1157.9854510184286
40 15
761.4843554443054
45 15
660.136543014996
50 15
835.1128168511246
15 20
4083.8261504747993
20 20
3338.328042328042
25 20
2601.7983606557377
30 20
1394.2702915681639
35 20
1245.7517482517483
40 20
785.2111299915039
45 20
593.0142585551331
50 20
914.1376518218624
15 25
4022.4355538037053
20 25
3126.571297989031
25 25
2282.7244685285536
30 25
1665.6643783371471
35 25
1337.8297579757975
40 25
959.5502340655383
45 25
604.1331230283912
50 25
631.8956363636364
15 30
2873.6285905143623
20 30
2572.245028864657
25 30
2594.9411217849397
30 30
1408.910763316859
35 30
1502.7468646864686
40 30
874.3042431537767
45 30
781.1966948810963
50 30
721.3236442516269
15 35
2326.328462073765
20 35
2115.9738662567256
25 35
1410.692336589031
30 35
1622.8745247148288
35 35
1043.1752548911545
40 35
741.2544130008406
45 35
653.5913949759487
50 35
628.7839750849378
15 40
1951.1608832807572
20 40
1848.0131463628395
25 40
1655.476823449216
30 40
1192.3968069666182
35 40
988.0798969072165
40 40
849.3636853448276
45 40
736.9476315789474
50 40
618.4772888573457
15 45
1615.8358208955224
20 45
1607.6950570342206
25 45
1537.0759969902183
30 45
1279.7359154929577
35 45
1102.6340970350404
40 45
839.8511205976521
45 45
568.2379875635952
50 45
677.7685518143184
15 50
1217.9769874476988
20 50
1298.1977730646872
25 50
1082.8333333333333
30 50
1115.7853073463268
35 50
1443.4460590048436
40 50
752.1562280084447
45 50
691.310648518815
50 50
695.65
