15 15
5513.733980582524
20 15
2905.4620334620336
25 15
2299.6327595200833
30 15
1849.113089937667
35 15
2054.3454011741683
40 15
1163.9757127771911
45 15
1167.9723502304148
50 15
692.5944997074313
15 20
2517.2875264270615
20 20
2546.7158273381297
25 20
1722.6323907455012
30 20
1519.2515151515152
35 20
1695.2630136986302
40 20
1078.4058577405858
45 20
989.3668499607227
50 20
992.9555325749742
15 25
1468.5312831389183
20 25
1855.7033121916843
25 25
1499.5857605177994
30 25
1553.8225629791896
35 25
1190.2169051878354
40 25
1144.2889150943397
45 25
947.8138484696437
50 25
537.8880407124682
15 30
770.2030386740331
20 30
908.3518615626639
25 30
1565.189491335942
30 30
792.3458387235878
35 30
1227.1584699453551
40 30
741.8344155844156
45 30
894.6085329341317
50 30
672.6976744186046
15 35
551.0813648293963
20 35
888.7965367965368
25 35
772.6046128500824
30 35
936.834274952919
35 35
645.2841015992474
40 35
678.3960314179413
45 35
731.8738601823708
50 35
494.8253968253968
15 40
453.0412517780939
20 40
472.2394859813084
25 40
838.6067853170189
30 40
620.4577067669173
35 40
524.7879333633498
40 40
625.0340909090909
45 40
739.7431986809563
50 40
488.1667554608418
15 45
279.8302277432712
20 45
455.2104712041885
25 45
705.547466511357
30 45
677.8717541070482
35 45
670.9717579250721
40 45
558.8920477956325
45 45
415.6111111111111
50 45
476.88963963963965
15 50
158.05560619872378
20 50
383.87693342299934
25 50
310.04432930339664
30 50
491.2595969289827
35 50
476.4241316270567
40 50
419.1009984639017
45 50
435.7254222607189
50 50
351.2234762979684
