15 15
2755.789097988319
20 15
1918.730219992281
25 15
1293.746468401487
30 15
862.3951097527091
35 15
822.8134831460674
40 15
578.369552585706
45 15
469.0299877600979
50 15
492.9386523633926
15 20
2358.0888733379984
20 20
1778.8637744034706
25 20
1466.48016194332
30 20
803.1746274359954
35 20
817.963505926388
40 20
531.0322580645161
45 20
387.75368085953045
50 20
520.5053838138242
15 25
1921.2998058252426
20 25
1607.6681715575621
25 25
1156.0561167227834
30 25
929.6947984843266
35 25
733.5504538174052
40 25
617.1640494487136
45 25
386.3775110879207
50 25
353.78509647371925
15 30
1175.0359520639147
20 30
1190.4947368421053
25 30
1465.5434190620272
30 30
674.4891503267974
35 30
906.5635769459299
40 30
473.8881045751634
45 30
496.69018112488084
50 30
446.94390862944164
15 35
938.8163548163548
20 35
1001.4049618320611
25 35
661.3268242548818
30 35
896.865058857307
35 35
491.87803155168353
40 35
397.1716836734694
45 35
348.7804175665947
50 35
331.88900979325354
15 40
889.6965944272446
20 40
843.8286835222319
25 40
878.2985671442852
30 40
547.9548829240434
35 40
451.4260913964769
40 40
420.6874712114233
45 40
404.15760142666073
50 40
454.0135287485908
15 45
720.7733485193622
20 45
780.7259036144578
25 45
819.8071625344353
30 45
723.846644295302
35 45
562.0609418282548
40 45
436.83087535680306
45 45
277.4232003668042
50 45
397.63007778738114
15 50
566.1061394380853
20 50
675.7751147373789
25 50
516.3438016528926
30 50
572.5068697729988
35 50
784.8904340497261
40 50
376.00607533414336
45 50
342.76139303482586
50 50
390.113091701327
