15 15
4766.333743842364
20 15
2326.68324407039
25 15
1994.4502583979329
30 15
1190.190831556503
35 15
1053.634963768116
40 15
657.7934426229508
45 15
550.0279542566709
50 15
615.6736582356571
15 20
3225.427374301676
20 20
2558.5084496693607
25 20
1646.630585273757
30 20
1214.379417234966
35 20
1066.0932560590095
40 20
689.195044472681
45 20
612.069696969697
50 20
726.0561177552897
15 25
2930.510832383124
20 25
2541.2628205128203
25 25
1796.5462339252908
30 25
1389.5295180722892
35 25
987.8910851149657
40 25
828.4123408423114
45 25
577.5456919060052
50 25
443.6666666666667
15 30
2246.006711409396
20 30
1800.0861839182585
25 30
1982.1725434884813
30 30
1065.2442528735633
35 30
1139.755705394191
40 30
691.9709183673469
45 30
630.7707090788601
50 30
643.786253776435
15 35
1767.1859337105902
20 35
1577.7589339794065
25 35
1343.9193205944798
30 35
1278.4310884886452
35 35
849.7784376427593
40 35
636.735155018392
45 35
620.0413718018508
50 35
459.121062992126
15 40
1528.6295681063123
20 40
1309.9482014388489
25 40
1266.3709338929696
30 40
958.1066838046272
35 40
735.7862534763608
40 40
677.9433962264151
45 40
611.627931214174
50 40
544.6468424279583
15 45
1107.3449477351917
20 45
1297.9876543209878
25 45
1233.9569892473119
30 45
1038.3248987854251
35 45
990.9327548806941
40 45
664.2244062244063
45 45
412.36744186046514
50 45
616.836129753915
15 50
880.3765432098766
20 50
964.6588502269288
25 50
748.7070158102766
30 50
820.2351247600768
35 50
1010.9404096834264
40 50
552.8060070671378
45 50
491.1922005571031
50 50
574.085381630013
