15 15
4191.525362318841
20 15
3456.405232247731
25 15
2090.7244986922406
30 15
1399.4324133050247
35 15
1173.515766969535
40 15
771.0140625
45 15
659.8257918552036
50 15
806.8185884691849
15 20
4127.053722179586
20 20
3284.9263256687
25 20
2614.9974293059126
30 20
1411.0663547426627
35 20
1236.7475655430712
40 20
807.0675392670157
45 20
597.3877813504823
50 20
912.5303726391015
15 25
4037.25
20 25
3128.3672237697306
25 25
2243.635284486287
30 25
1652.532175286222
35 25
1344.7007153075822
40 25
969.8309120258273
45 25
577.6080816006277
50 25
617.8173996175908
15 30
2872.1384928716902
20 30
2573.0765998707175
25 30
2609.467650753769
30 30
1412.3451947324181
35 30
1495.220898570456
40 30
879.9045996592845
45 30
774.8406355320174
50 30
697.6163090128755
15 35
2319.3811881188117
20 35
2119.7945841392648
25 35
1418.5142198308993
30 35
1624.45746579417
35 35
1042.4343865641902
40 35
742.4307692307692
45 35
659.4507666098807
50 35
638.0636768230058
15 40
1949.3736176935229
20 40
1847.8939790575917
25 40
1656.6069958847736
30 40
1196.864768683274
35 40
982.7630453378956
40 40
847.2237663074305
45 40
740.2382306477093
50 40
644.9725054062403
15 45
1632.8414201183432
20 45
1606.9132075471698
25 45
1528.3673695893451
30 45
1281.8433527997252
35 45
1102.8006600660067
40 45
837.5718171926006
45 45
576.9405034324943
50 45
682.5330053300534
15 50
1212.4207708779443
20 50
1291.9687174139729
25 50
1078.0698228882834
30 50
1114.6461584633853
35 50
1448.3463505346351
40 50
752.4367426078527
45 50
688.4757171258166
50 50
683.4467883384689
