15 15
4183.427561837456
20 15
3456.1612565445025
25 15
2088.4956314535348
30 15
1363.2799616490893
35 15
1151.6082071323888
40 15
770.056142668428
45 15
660.9109461966605
50 15
821.1616842105263
15 20
4097.307179866765
20 20
3303.706697459584
25 20
2620.07270461155
30 20
1399.4249598715892
35 20
1197.3729045501198
40 20
786.2239399293286
45 20
605.2747967479675
50 20
904.5122080679406
15 25
4017.1450592885376
20 25
3128.9815837937385
25 25
2222.401294498382
30 25
1619.1815396399847
35 25
1341.1900940785833
40 25
960.9926605504587
45 25
584.2949061662198
50 25
618.8956442831216
15 30
2874.8309953239814
20 30
2569.5165222970804
25 30
2592.995332918482
30 30
1392.1216472500678
35 30
1470.8476345840131
40 30
863.6637478108581
45 30
767.3553788195898
50 30
716.5034343434344
15 35
2328.51704940849
20 35
2107.4422032583398
25 35
1420.407167365612
30 35
1617.8955135773317
35 35
1034.0321686078757
40 35
738.6104154809334
45 35
651.2379077615298
50 35
628.713230571612
15 40
1952.3441199684294
20 40
1847.403056768559
25 40
1659.9369431117204
30 40
1194.0804297328687
35 40
967.8002235261246
40 40
839.9772125066243
45 40
732.8602435150874
50 40
623.4320198793042
15 45
1637.5876042908224
20 45
1612.2602739726028
25 45
1522.903979554582
30 45
1286.1245745405038
35 45
1106.2693315858453
40 45
838.4427284427285
45 45
558.1131586524618
50 45
674.8470418470419
15 50
1218.1815286624203
20 50
1295.614090431125
25 50
1079.2666666666667
30 50
1114.3384338433843
35 50
1446.3245770258236
40 50
743.8014039855072
45 50
679.6891136545116
50 50
675.1924939467312
