15 15
5455.486734693877
20 15
2872.1110344827584
25 15
2295.266666666667
30 15
1808.688555347092
35 15
2017.2928064842959
40 15
1137.8481152993347
45 15
1048.0723055934516
50 15
685.0405405405405
15 20
2314.8269375470277
20 20
2507.0955091714104
25 20
1743.4654714475432
30 20
1516.782525510204
35 20
1674.7050461975834
40 20
1061.0385438972162
45 20
968.0486854917235
50 20
907.6480558325025
15 25
1433.388947368421
20 25
1832.3812316715544
25 25
1453.1446028513237
30 25
1555.6530498041411
35 25
1174.2139699381078
40 25
1103.762299940723
45 25
914.0915492957746
50 25
535.14375
15 30
753.7147887323944
20 30
896.4337997847148
25 30
1556.8239954725523
30 30
784.3861734918538
35 30
1206.131010794897
40 30
712.2904003859142
45 30
847.4435548438751
50 30
642.0831908831909
15 35
544.9102393617021
20 35
885.9725
25 35
764.448123620309
30 35
927.4342857142857
35 35
630.5139216611609
40 35
652.1696235395932
45 35
730.623911781776
50 35
492.1595466434176
15 40
454.40385989992853
20 40
474.2479579929988
25 40
836.8834355828221
30 40
621.3690248565965
35 40
524.5681222707424
40 40
595.3370122191565
45 40
750.3879105188006
50 40
546.4616548940464
15 45
279.7428278688525
20 45
456.5591286307054
25 45
703.3751479289941
30 45
667.6496815286624
35 45
653.2565974171814
40 45
527.9276018099547
45 45
392.89858012170384
50 45
497.73470437017994
15 50
160.075799086758
20 50
389.41966101694914
25 50
312.11870100783875
30 50
491.05615856536105
35 50
472.94609327680195
40 50
403.71455720258456
45 50
424.59493670886076
50 50
347.31479192418624
