15 15
2975.515084621045
20 15
1592.6688851913477
25 15
1462.9473361910593
30 15
939.3989949748744
35 15
891.6951423785595
40 15
570.3045540796963
45 15
508.50191570881225
50 15
463.1938259109312
15 20
2091.723035952064
20 20
1731.15625
25 20
1159.4832623250152
30 20
915.3466349017273
35 20
887.6943187531423
40 20
566.1106651376147
45 20
509.6174161313348
50 20
529.0335227272727
15 25
1841.858902575588
20 25
1739.6169554455446
25 25
1168.3942363112392
30 25
975.4380787037037
35 25
719.2901975978303
40 25
655.373380973649
45 25
445.2564422277639
50 25
283.22679324894517
15 30
1226.2830882352941
20 30
1122.4599659284497
25 30
1456.8817598533456
30 30
700.7664551942903
35 30
906.4275184275184
40 30
526.8048672566372
45 30
502.08312085670576
50 30
513.3869346733668
15 35
977.4014308426073
20 35
998.66168559474
25 35
841.3306038894575
30 35
853.8767225325885
35 35
571.9353319057816
40 35
447.9161290322581
45 35
418.5440097799511
50 35
295.1910211267606
15 40
1028.1444805194806
20 40
790.2433596554199
25 40
871.4844783715013
30 40
598.5921375921376
35 40
486.44362017804156
40 40
449.99000384467513
45 40
428.23888688109867
50 40
495.05102040816325
15 45
721.2131011608624
20 45
847.9025893958077
25 45
904.3618455158113
30 45
809.9407191448008
35 45
638.1876257545272
40 45
497.88009932600215
45 45
271.8093841642229
50 45
414.07376691401134
15 50
558.4349553128103
20 50
669.0687361419069
25 50
547.4133766836972
30 50
565.7109300095877
35 50
702.1082840236686
40 50
415.09654750992974
45 50
351.7952495490078
50 50
381.9127814779575
