15 15
3966.0791884816754
20 15
2614.577840112202
25 15
2290.8906560636183
30 15
1780.395566922421
35 15
1929.3193046660567
40 15
1088.8545994065282
45 15
1066.0552763819096
50 15
713.2902702702703
15 20
2637.423928077455
20 20
2424.874855824683
25 20
1850.86625
30 20
1429.0175541252195
35 20
1659.239845261122
40 20
1043.3657927590511
45 20
894.5679945054945
50 20
805.6440785307157
15 25
1904.025
20 25
2022.98615916955
25 25
1682.3269916765755
30 25
1474.0950888192267
35 25
1115.954018227009
40 25
1100.7580993520519
45 25
889.4344036697248
50 25
621.2645361739902
15 30
1077.2812929848694
20 30
1225.6600609756097
25 30
1792.7068870523417
30 30
898.9033546325878
35 30
1334.4358507734305
40 30
760.1691584792824
45 30
871.709696969697
50 30
760.721
15 35
850.44682230869
20 35
1097.6306748466259
25 35
862.3440170940171
30 35
1134.9077733860343
35 35
764.1298590346006
40 35
646.7524680073126
45 35
693.6325301204819
50 35
498.24706328154605
15 40
707.3943281566509
20 40
692.017371163868
25 40
979.0505104782375
30 40
690.985
35 40
643.1328903654485
40 40
624.4759959141982
45 40
687.5274688237276
50 40
676.6895424836601
15 45
596.8742857142857
20 45
643.7014462809917
25 45
920.6675993284834
30 45
808.1285786037167
35 45
804.8938923395445
40 45
641.9805361733382
45 45
398.9670647846544
50 45
517.5023291925465
15 50
363.94897959183675
20 50
601.9488010369411
25 50
494.84459792797236
30 50
601.7388235294118
35 50
699.510569105691
40 50
517.794998354722
45 50
479.7548228691687
50 50
460.1220825852783
