15 15
4731.758661887694
20 15
2333.183396226415
25 15
2004.0755208333333
30 15
1186.4661572052403
35 15
1044.0632798573974
40 15
667.2953813104189
45 15
566.9777486910995
50 15
628.6814386640976
15 20
3235.739010989011
20 20
2561.908625730994
25 20
1652.6269207129687
30 20
1213.15097799511
35 20
1068.5382989963023
40 20
686.3379923761119
45 20
613.6493383742911
50 20
751.4041548630784
15 25
2934.8339920948615
20 25
2520.965206185567
25 25
1803.107398568019
30 25
1388.8807556080283
35 25
996.2738955823294
40 25
839.9434889434889
45 25
573.099545224861
50 25
429.09724349157733
15 30
2259.2208083832334
20 30
1786.9192844677139
25 30
2004.806238185255
30 30
1068.3211678832117
35 30
1139.53933747412
40 30
695.0921435499515
45 30
632.1856745479834
50 30
664.1404569892474
15 35
1784.4906427990236
20 35
1577.2587666263603
25 35
1348.0999465526456
30 35
1282.1466049382716
35 35
854.3430725730443
40 35
640.2134776192819
45 35
630.1620853080568
50 35
459.8729743857815
15 40
1546.872590108969
20 40
1311.8134005763688
25 40
1268.7819232790332
30 40
959.5677282377919
35 40
741.7217774219375
40 40
680.3110068259385
45 40
628.8271186440678
50 40
531.0076530612245
15 45
1130.5414808206958
20 45
1306.7406015037593
25 45
1229.5717321997874
30 45
1046.4219137332673
35 45
1000.0217853347502
40 45
672.226661392405
45 45
423.69802244788883
50 45
610.6727175654031
15 50
899.4075975359343
20 50
965.6184407796102
25 50
752.0078239608802
30 50
820.550843373494
35 50
1027.2627692307692
40 50
561.2255361930295
45 50
498.2290996784566
50 50
595.3694736842106
