15 15
5316.904512067156
20 15
2859.641095890411
25 15
2315.924918389554
30 15
1809.6669865642993
35 15
2056.8103277060577
40 15
1183.1557285873193
45 15
1214.8253968253969
50 15
741.4210893854748
15 20
2402.45325355273
20 20
2509.05707038681
25 20
1732.0360110803324
30 20
1533.8659397049391
35 20
1722.21609862219
40 20
1074.680790960452
45 20
1017.6282051282051
50 20
1009.5860995850622
15 25
1443.969632392115
20 25
1852.6129963898918
25 25
1469.1067567567568
30 25
1569.1923303834808
35 25
1179.3147230977038
40 25
1142.5995343422585
45 25
945.8101265822785
50 25
582.1350665821179
15 30
764.0729613733905
20 30
907.859184753838
25 30
1590.9249283667623
30 30
795.0539325842697
35 30
1212.5449494949496
40 30
730.5402887750349
45 30
891.7214285714285
50 30
671.6040554962647
15 35
551.0253164556962
20 35
878.9745341614907
25 35
773.3419138220481
30 35
924.9755980861244
35 35
626.0274451097804
40 35
668.8606760098928
45 35
736.3829787234042
50 35
517.6086167800454
15 40
454.96926375982844
20 40
474.1194117647059
25 40
839.5727777777778
30 40
617.2442676649508
35 40
518.340160284951
40 40
617.108429118774
45 40
746.0718685831622
50 40
519.3898761443188
15 45
283.3248337028825
20 45
459.1953781512605
25 45
706.8010233086982
30 45
683.433402705515
35 45
653.3212154096582
40 45
558.3296310987703
45 45
435.3294289897511
50 45
491.20843672456573
15 50
164.64363636363638
20 50
382.8130405854957
25 50
312.5154639175258
30 50
490.9020446980504
35 50
483.2486355366889
40 50
423.01439114391144
45 50
442.03541389995576
50 50
384.871359223301
