15 15
4071.5103926097
20 15
3497.9919354838707
25 15
2124.4348837209304
30 15
1352.6590073529412
35 15
1146.1644230769232
40 15
766.6462715105163
45 15
646.1463790446842
50 15
834.1355221795319
15 20
4065.581617647059
20 20
3336.8632286995517
25 20
2590.549156725627
30 20
1382.683509596553
35 20
1201.2617539179726
40 20
790.2595652173914
45 20
590.50756859035
50 20
876.9087204563978
15 25
4007.6030684500392
20 25
3130.873980054397
25 25
2198.8114262884537
30 25
1637.3517138599107
35 25
1337.6280923584386
40 25
960.4338585562477
45 25
603.7716241443684
50 25
635.7463312368973
15 30
2871.906125166445
20 30
2570.002557544757
25 30
2583.0804562268804
30 30
1384.1593539703904
35 30
1479.8178872326637
40 30
871.311373523928
45 30
771.4968506854391
50 30
725.1121118012422
15 35
2327.24479889043
20 35
2116.1131931166346
25 35
1410.4938593226648
30 35
1621.1157986616236
35 35
1011.4710031347962
40 35
733.9467874327767
45 35
655.8090465872156
50 35
627.7354675652906
15 40
1951.3203125
20 40
1848.1116928446772
25 40
1660.411208642809
30 40
1191.8949035416067
35 40
968.7992267329467
40 40
844.3997904113178
45 40
726.7057034220533
50 40
689.9183567342694
15 45
1614.9533029612755
20 45
1607.4131419939577
25 45
1513.4349252643092
30 45
1283.5226960110042
35 45
1096.795865633075
40 45
845.0139523084729
45 45
567.066091954023
50 45
677.3117359413203
15 50
1218.6233090530698
20 50
1295.923116615067
25 50
1080.7303256445048
30 50
1116.3329330531371
35 50
1441.0899517332164
40 50
748.646866840731
45 50
682.1853853383459
50 50
688.0604586518416
