15 15
4336.756489493201
20 15
2278.8933739527797
25 15
2017.580624601657
30 15
1187.3694951664877
35 15
1037.3793721973095
40 15
647.8743563336766
45 15
574.8825503355705
50 15
625.6557288864981
15 20
3207.9349593495936
20 20
2556.730551626591
25 20
1649.1443553362121
30 20
1219.6431203931204
35 20
1075.1898603207449
40 20
692.356416772554
45 20
608.8784013605442
50 20
719.7579169598874
15 25
2947.513452914798
20 25
2583.719504643963
25 25
1782.4346807264205
30 25
1387.309187279152
35 25
995.3523771474231
40 25
835.8313492063492
45 25
583.994552882433
50 25
440.75536723163844
15 30
2244.845588235294
20 30
1809.86295503212
25 30
1989.608114338405
30 30
1066.6897384305835
35 30
1150.409090909091
40 30
692.7993905535805
45 30
632.0364396654719
50 30
653.2979469203806
15 35
1778.5226730310262
20 35
1580.3995215311004
25 35
1351.924934383202
30 35
1288.468655589124
35 35
854.1442652329749
40 35
640.6306215260232
45 35
628.7996365288506
50 35
456.5649027589326
15 40
1536.3396072013093
20 40
1310.6941852117732
25 40
1263.574677002584
30 40
958.9842127129207
35 40
741.8074509803921
40 40
676.5743766122098
45 40
619.1562368752625
50 40
590.5616311399444
15 45
1112.3280599500417
20 45
1298.6670776818742
25 45
1229.5013319126265
30 45
1042.5272909364046
35 45
999.1403876375066
40 45
676.8078125
45 45
429.6714145383104
50 45
597.8161764705883
15 50
892.87090367428
20 50
963.7233727810651
25 50
759.0685328185328
30 50
816.1049292337726
35 50
1020.0696428571429
40 50
564.286500485594
45 50
501.09712482468444
50 50
577.3142426525999
